Accuracy: 0.7513253012048193
Recall: 0.7517241379310344
Precision: 0.7429406037000974
F1 Score: 0.7473065621939275
